[20(1,11)] 
[10(1,5)] [10(6,11)] 
[3(1,3)] [7(3,5)] [6(6,8)] [4(8,11)] 
[1(1,1)-Leaf] [2(3,3)-Leaf] [2(3,4)] [5(5,5)] [3(6,7)] [3(7,8)] [2(8,10)] [2(11,11)] 
[1(3,3)-Leaf] [1(4,4)-Leaf] [3(5,5)] [2(5,5)] [2(6,6)] [1(7,7)-Leaf] [1(7,7)-Leaf] [2(8,8)] [1(8,8)-Leaf] [1(10,10)-Leaf] [1(11,11)-Leaf] [1(11,11)-Leaf] 
[2(5,5)-Leaf] [1(5,5)-Leaf] [1(5,5)-Leaf] [1(5,5)-Leaf] [1(6,6)-Leaf] [1(6,6)-Leaf] [1(8,8)-Leaf] [1(8,8)-Leaf] 

MINMAX norms

[20(5,13)] 
[10(5,17)] [10(10,13)] 
[3(5,8)] [7(6,17)] [6(10,18)] [4(16,13)] 
[1(5,5)-Leaf] [2(7,8)] [1(6,6)-Leaf] [6(2,17)] [3(10,9)] [3(11,18)] [1(16,16)-Leaf] [3(12,13)] 
[1(7,7)-Leaf] [1(8,8)-Leaf] [1(2,2)-Leaf] [5(0,17)] [1(10,10)-Leaf] [2(4,9)] [1(11,11)-Leaf] [2(15,18)] [1(12,12)-Leaf] [2(19,13)] 
[2(0,3)] [3(14,17)] [1(4,4)-Leaf] [1(9,9)-Leaf] [1(15,15)-Leaf] [1(18,18)-Leaf] [1(19,19)-Leaf] [1(13,13)-Leaf] 
[1(0,0)-Leaf] [1(3,3)-Leaf] [1(14,14)-Leaf] [2(1,17)] 